.Random.seed <-
c(403L, 10L, 1405948549L, 1445073759L, 609250278L, -481401232L, 
-1288451693L, -114086351L, -1557134112L, -884591234L, -790976503L, 
-861108165L, 1809110538L, 1835337196L, -1254716817L, 1432225189L, 
675820892L, 1843554610L, 1647687725L, -1807624473L, 1431272462L, 
139159016L, 656510955L, -1960267639L, 1343104024L, -1132678330L, 
718582177L, 1675894835L, -1065341534L, -1671571308L, -218509545L, 
1530587405L, 1131577380L, 746389514L, -395467403L, -43113265L, 
219006934L, 1207437184L, 1101781955L, 1602375009L, 1944146896L, 
550806318L, -949928231L, 1251462379L, -1315173030L, 1214111516L, 
129358367L, 1639688821L, 1182902028L, -1101907230L, 572293053L, 
1155156023L, 1982972638L, 530112024L, -1754259077L, -1123337959L, 
-980466264L, 2106763606L, 1125710289L, -46384765L, -578181102L, 
701754276L, 2028436327L, -534552387L, -1905067980L, -1550681190L, 
1941911525L, 491512703L, -612752634L, -218084208L, 1328643379L, 
-604677423L, 504742016L, 574970206L, 97210025L, -1719412389L, 
1655567210L, 282393100L, 2024630863L, -1572468987L, -829960260L, 
517827218L, 522350989L, -1247749689L, 101722798L, 153559816L, 
-1598578421L, 1856282601L, 947898552L, -1758822554L, 1775373313L, 
937024147L, -1096536766L, 565158644L, -540930313L, 218009325L, 
-68109948L, 2117515178L, -1655296747L, 1881671599L, -933075018L, 
-2081440288L, -644819677L, -1371567551L, 744006960L, 98303822L, 
1627645369L, 1803745227L, 735939706L, -176435844L, 1516578239L, 
1423032981L, 1874985132L, -922645886L, -364314019L, 1654658391L, 
-721528770L, -77955976L, -655292581L, 920027833L, -1810137336L, 
620516790L, 156429041L, 1070947619L, 1617287026L, 1536447940L, 
443420039L, 597688157L, 1560645972L, 441762682L, 415716037L, 
1737511967L, -687160410L, 757437744L, 498194387L, 1249408497L, 
1770660640L, 956878270L, 1383015881L, -877553285L, -1565335734L, 
-1919852628L, -1630509393L, -271674267L, 585462812L, -1270293902L, 
786291949L, 237266215L, -1415515826L, -2113789528L, 466113963L, 
1844801225L, -300001576L, -845137018L, -2052518303L, 1334679539L, 
327010914L, -2035839788L, 57896407L, 724879309L, 843346788L, 
1406801738L, 43298485L, 356861455L, -874858730L, -1998057024L, 
-1580420733L, -1771821151L, -95418480L, -145499026L, -483997159L, 
438006443L, 655525530L, -1026862500L, -204746913L, 596336949L, 
663421132L, -1493890526L, 1541416061L, -1667973769L, 289976990L, 
-1737268904L, 1954183355L, -27916711L, 1399993832L, -1716686826L, 
949484433L, 1522500675L, 635566930L, -1061462044L, 1543437863L, 
-977283459L, 1095780212L, -224478374L, 1506020773L, -699553345L, 
1158021702L, -1610018608L, 1676552947L, 1563986961L, 1328183872L, 
-1701978594L, -1754400535L, 40688155L, 2127268394L, 537779532L, 
-1347387633L, 58827333L, 418300924L, 499825234L, -2051561523L, 
1842336135L, -185113490L, 1633762376L, -1224169909L, 1939708841L, 
1713935096L, 1778628134L, -453529791L, -1628539693L, 2057164930L, 
-1330293068L, -322989513L, 604657965L, -1384302012L, 1238484842L, 
-1375120427L, -349182609L, 53747830L, -1666460524L, 527305858L, 
-769103936L, -795403972L, 1708569232L, -1718494174L, 1625383944L, 
-344967028L, 505572380L, -1695889774L, -1003948928L, 1391984660L, 
1547527464L, 1803079226L, -129522480L, 358089836L, -1459072332L, 
-1328248814L, -870074400L, 1839386572L, -1647563296L, -133042654L, 
-999495384L, -655937268L, -877455812L, 260219122L, 1524071152L, 
-431897788L, 2051713624L, 1239953978L, -112695568L, 1069939900L, 
1573424660L, -826097470L, -1726926752L, 1337920892L, -1613890352L, 
1989360674L, -602735960L, 31207308L, 838293948L, 1081504818L, 
225032000L, 128907444L, -1730206904L, 37943994L, -687460592L, 
-418916116L, -1285917612L, 1696491282L, -2137336928L, 1229455308L, 
1229015904L, -1455451966L, 1478546984L, 1737491884L, -1174962372L, 
-1994043534L, 1054761776L, 980173348L, -730206152L, -437203750L, 
1104347536L, -464197892L, -2016952428L, 321332034L, 291805696L, 
-1006689732L, -1242589616L, -1426468190L, -1250464952L, 2133473804L, 
-2125706020L, -1286806958L, -211814272L, 934009684L, -680332824L, 
-1598199046L, 1113814864L, 209568812L, -2073864844L, -801583470L, 
-195585440L, 947016332L, 806128480L, 281416418L, -1570178904L, 
-1916907316L, -832212484L, 2113757106L, 412014064L, 1965075908L, 
256780120L, 949263226L, 324730288L, 1156522428L, 1185730644L, 
1203745730L, 1014551328L, -2046748740L, 1236890192L, -1151353374L, 
-1915567768L, 1070427468L, -1015787268L, 1981293298L, -1780703488L, 
-1764278668L, -810315768L, 229171642L, -1724694576L, -1345889812L, 
169891732L, 1941766866L, 200572512L, -211622580L, 1337451808L, 
928615042L, 1178360296L, 1358979052L, -2115074500L, 113702514L, 
-425120912L, 794958116L, -77311432L, 1283320218L, -302614064L, 
1615406524L, -190826348L, 1957270658L, 447104448L, 2015701820L, 
-571233136L, 312478498L, -769403384L, 1218630924L, -1974516324L, 
-1688134126L, 788507520L, -1703296236L, 1445593384L, -1536105414L, 
-125957168L, -641955220L, -217660876L, 1165707922L, 317859168L, 
-1502168756L, -188291104L, 1047754146L, 975537576L, -1673132404L, 
1596186044L, 1593802354L, -233507856L, -439947708L, -201924520L, 
1152608314L, -926764944L, 996513852L, -256327404L, 505127618L, 
62564064L, -1429620612L, 1284208336L, -232425054L, 1534711848L, 
-477746420L, 2120706492L, 770122546L, -1999557952L, -1890235340L, 
1733484232L, 127677626L, -720013680L, -1331679508L, -1691190700L, 
-1644240238L, -525178592L, -1668935220L, -224107808L, -1371160382L, 
-1375966168L, -262948948L, -1183110468L, 863091698L, -1879263696L, 
-997781596L, -966144584L, -1793509542L, -396316528L, -848024708L, 
-394141420L, -966883006L, -453644032L, -952861252L, -2100461232L, 
1532909858L, -1199728056L, -791941108L, 922650204L, 1321658834L, 
-1686727168L, 607429972L, 864988392L, 1364095226L, -1321728304L, 
2044717868L, 386707700L, 193296786L, 832142688L, 1069947916L, 
1186749664L, 177836642L, -643431256L, 636623948L, 1231669116L, 
-2141202126L, -462896528L, -1052359868L, 1476584408L, 1921119098L, 
2074171440L, 1192964028L, 2015670868L, -1135767486L, -1262186848L, 
-1997808248L, -960558287L, -1505983581L, 1630094244L, 1802505810L, 
1866755495L, 1854360049L, 1415183670L, 1862583764L, 2143251301L, 
-367324305L, -1045008984L, 1834857222L, -102128077L, -1957974891L, 
-1996253966L, -1250036416L, 40819369L, -1174318309L, -265853716L, 
-1230583558L, 910989615L, -1765417671L, 2094731086L, -146627172L, 
-1849563379L, 810905975L, 252274048L, 12989406L, -821543765L, 
-468678739L, -2110358502L, 316535512L, 1067268929L, -788087821L, 
-1372355052L, -345088094L, -1236066121L, -1632716159L, -654382458L, 
1311173316L, -1375794187L, 1072046687L, -1039289160L, -1229155946L, 
-1283208285L, -1313034395L, 1113368194L, -334007312L, -39803495L, 
-1784247413L, -105347460L, 861355178L, 803868383L, 1986004073L, 
-1739710850L, -766290324L, 1643371197L, 621307783L, -835525776L, 
-1440591346L, 69984059L, 634479645L, 1744579786L, -194086936L, 
-1934605103L, 1381912771L, 1205131204L, -788040590L, 938192199L, 
-1068564207L, -1009900394L, -789915148L, 1197747077L, -1317985585L, 
-1807040568L, -1237641626L, 701200531L, 67201013L, -1116618286L, 
-1166382560L, 150111241L, -28575429L, -866595700L, 1068296474L, 
-2094551153L, -2106822439L, 843652974L, -1273821444L, -1357011859L, 
123551767L, -52766240L, 1680483774L, -138531957L, 540146701L, 
-2140902342L, 356793464L, -283617247L, 808612563L, 486121972L, 
396036738L, 953706263L, -88838687L, -1505639642L, -1117446620L, 
-1935308587L, -1333712769L, 1778642200L, -376642506L, -648713533L, 
-2076342523L, 1271806626L, 1340479632L, -362690503L, 628848875L, 
939661788L, 436420618L, -1654366465L, 1522274121L, -440113954L, 
-1707468148L, -1373098403L, -143682457L, -1533503088L, -743052882L, 
-948269989L, -194458563L, -268426582L, -2095128760L, -803146895L, 
716526819L, -378856476L, -384840942L, -1387608345L, -219098959L, 
-693722378L, -1741511404L, 298981925L, 613910319L, 254728424L, 
962222534L, 923867251L, -1011715371L, 1028853938L, -1975061376L, 
-845870999L, 1351771355L, 1935157292L, -1086728134L, -1241123089L, 
